6 rbox D6 16
16
0.2158057910537401 0.04792463830478921 0.4693917007831779 0.06630747631779632 0.4297500415050891 -0.1910597003913109 
-0.140386894476029 -0.4825382730760968 -0.02075572639774131 0.1585026827254358 -0.04541658707467522 -0.316582521718538 
0.1975560413650759 0.3243817638832905 -0.115700865272154 0.4155543636675499 0.2221829953810042 0.2295977168060818 
-0.1511793501220451 0.1286597690811937 0.3847340279116612 0.2248001873724165 0.2167434959828327 -0.1920686258860572 
-0.09739767675976985 0.03724354788404294 -0.04769491734699804 0.3915206095124787 0.2868770992261145 -0.4565994650652627 
-0.0672096913375051 0.4067143037977762 -0.3527031669884018 0.1178712734187686 0.06248751381643813 0.2276403109800446 
-0.04929905296238052 0.430813334352163 -0.320296828002014 -0.2287896361470126 -0.2674168453248374 -0.4749211948131408 
-0.0005214205016581541 0.2364817198705689 -0.4517398993035219 -0.3924879719433263 0.4546547075311231 0.3816620045170765 
-0.4066969816635335 -0.3561715491639185 -0.1752279234819374 -0.05571250250163723 -0.3600330221094499 -0.0750036887591739 
0.4129996988112105 0.2859307749065857 -0.3614722959338429 -0.2648788441576798 0.1812644020479772 -0.4892001114685089 
0.01372646448549486 -0.2993154128075721 0.4058553729260856 0.211245679493291 0.406129677692549 -0.1785141128846576 
-0.2866977684075923 0.4706047046655832 0.4532637185913173 0.003310903909905738 -0.3536419252433273 0.3401612903365505 
0.09080011126659826 0.0774654341651736 -0.03845250516985776 -0.2712580019340459 -0.03324029551189422 0.3303496789469846 
0.1870475636674535 -0.2916028181012746 0.03143454113177446 0.3203286429125151 -0.2365049894307786 0.06064057495504671 
0.1861388820094418 0.4361845631489386 -0.04605448250291355 -0.03769097899803053 -0.4722876380870935 0.2616664536871635 
-0.1719188407733281 -0.4399594449810306 -0.3983922660335826 0.2211839786927998 0.4391242460712085 0.3611963692691144 
